#H Profil Loop 2015-09-21 11:38:29
#1 L1
#2 L3
#T 5
#F 1024
1,1,0
2,1,0
3,1,0
4,1,0
5,1,0
6,1,0
7,1,0
8,1,1
9,1,0
10,1,0
11,1,0
12,1,2
13,2,0
14,1,1
15,1,2
16,1,1
17,1,1
18,1,-1
19,0,0
20,1,-1
21,1,-1
22,1,2
23,1,-1
24,1,0
25,1,0
26,1,0
27,1,0
28,1,-1
29,1,-1
30,1,-1
31,1,-1
32,1,0
33,1,-1
34,1,-1
35,1,0
36,1,0
37,1,1
38,1,0
39,1,0
40,1,0
41,1,0
42,1,-1
43,1,-1
44,1,-1
45,1,-1
46,1,2
47,1,2
48,1,2
49,1,1
50,1,1
51,1,1
52,1,0
53,1,0
54,1,0
55,1,0
56,1,0
57,1,0
58,1,2
59,1,2
60,1,2
61,1,0
62,1,2
63,1,0
64,1,0
65,0,0
66,1,0
67,1,0
68,1,0
69,1,0
70,1,0
71,1,2
72,1,2
73,1,2
74,1,2
75,1,0
76,1,0
77,1,0
78,1,2
79,1,0
80,1,-1
81,1,-1
82,1,-1
83,1,-1
84,1,-1
85,1,0
86,1,-1
87,1,-1
88,1,-1
89,1,-1
90,1,-1
91,1,0
92,1,1
93,1,0
94,1,1
95,1,0
96,1,1
97,1,0
98,1,0
99,1,1
100,1,2
101,1,1
102,1,0
103,1,1
104,1,2
105,1,1
106,1,0
107,1,-1
108,1,-1
109,1,1
110,1,1
111,1,1
112,1,0
113,1,0
114,1,0
115,1,-1
116,1,1
117,1,2
118,2,1
119,1,0
120,1,1
121,1,0
122,1,0
123,1,0
124,1,1
125,1,0
126,1,0
127,0,0
128,0,2
129,1,0
130,1,0
131,1,0
132,1,0
133,1,0
134,1,0
135,1,0
136,1,0
137,1,0
138,1,2
139,1,0
140,1,0
141,1,0
142,1,2
143,1,0
144,1,2
145,1,0
146,1,-1
147,1,-1
148,1,0
149,1,0
150,1,1
151,1,2
152,1,1
153,0,2
154,1,1
155,1,0
156,1,0
157,1,0
158,1,0
159,0,1
160,1,1
161,1,1
162,1,1
163,1,0
164,0,1
165,0,0
166,0,0
167,0,0
168,0,0
169,0,0
170,0,1
171,1,-1
172,0,0
173,0,0
174,0,0
175,0,0
176,1,1
177,0,0
178,1,0
179,0,0
180,1,0
181,0,0
182,0,1
183,1,1
184,1,1
185,2,0
186,1,0
187,1,2
188,1,2
189,1,2
190,1,0
191,2,1
192,1,1
193,1,1
194,1,1
195,2,0
196,1,0
197,1,0
198,1,0
199,1,0
200,1,-1
201,1,0
202,1,-1
203,1,2
204,1,0
205,1,1
206,1,0
207,1,0
208,1,-1
209,1,1
210,1,1
211,1,1
212,0,1
213,1,1
214,0,1
215,1,1
216,1,1
217,1,1
218,1,2
219,1,0
220,1,-1
221,1,2
222,1,0
223,1,0
224,1,1
225,1,0
226,0,0
227,0,0
228,0,2
229,1,0
230,0,0
231,0,0
232,1,0
233,0,1
234,1,0
235,0,0
236,1,1
237,1,0
238,1,1
239,1,1
240,0,1
241,1,1
242,0,0
243,0,0
244,0,1
245,0,0
246,0,1
247,1,1
248,0,1
249,1,0
250,1,2
251,1,0
252,1,1
253,1,2
254,1,1
255,1,1
256,1,1
257,1,0
258,1,0
259,1,2
260,1,1
261,1,1
262,1,1
263,1,1
264,1,1
265,1,0
266,1,2
267,1,0
268,1,0
269,1,1
270,1,0
271,1,0
272,1,0
273,1,1
274,1,1
275,1,1
276,1,1
277,1,0
278,1,1
279,1,0
280,0,1
281,0,0
282,0,1
283,0,1
284,0,1
285,1,1
286,0,1
287,0,0
288,0,0
289,0,0
290,0,0
291,0,0
292,1,1
293,0,0
294,1,0
295,0,0
296,0,0
297,0,1
298,0,1
299,1,1
300,0,0
301,1,0
302,1,0
303,1,0
304,1,2
305,0,0
306,1,0
307,0,1
308,1,0
309,0,0
310,1,0
311,1,0
312,1,0
313,0,1
314,1,0
315,1,2
316,1,0
317,1,1
318,1,0
319,1,0
320,1,2
321,1,0
322,1,0
323,1,2
324,1,0
325,2,2
326,1,0
327,1,0
328,1,2
329,1,0
330,1,0
331,1,0
332,1,2
333,1,0
334,1,2
335,1,0
336,1,1
337,1,1
338,1,1
339,1,1
340,1,1
341,1,3
342,1,1
343,1,1
344,0,0
345,1,0
346,1,0
347,1,0
348,0,1
349,0,0
350,1,2
351,1,0
352,1,0
353,0,0
354,0,0
355,0,1
356,0,0
357,0,0
358,0,0
359,0,0
360,0,0
361,0,1
362,1,0
363,1,0
364,1,2
365,1,0
366,2,1
367,1,0
368,1,0
369,1,2
370,1,1
371,1,1
372,1,1
373,1,1
374,1,2
375,1,1
376,0,0
377,1,0
378,1,1
379,1,1
380,1,1
381,1,1
382,1,2
383,1,1
384,2,0
385,1,1
386,1,1
387,1,1
388,1,1
389,1,0
390,1,0
391,1,0
392,1,1
393,0,0
394,0,-1
395,1,0
396,0,0
397,0,0
398,0,0
399,0,0
400,0,2
401,0,0
402,1,0
403,1,0
404,1,0
405,0,0
406,1,1
407,0,0
408,0,2
409,0,0
410,1,-1
411,0,0
412,0,0
413,0,0
414,0,0
415,1,0
416,0,1
417,0,1
418,0,1
419,1,1
420,0,1
421,1,0
422,0,0
423,0,0
424,1,0
425,0,2
426,0,0
427,1,0
428,0,0
429,1,1
430,1,0
431,1,0
432,1,0
433,1,1
434,1,1
435,1,1
436,1,3
437,1,0
438,1,0
439,1,0
440,1,0
441,2,0
442,1,0
443,1,1
444,1,2
445,1,1
446,1,0
447,1,1
448,1,1
449,1,2
450,1,1
451,1,2
452,1,0
453,0,0
454,1,1
455,1,0
456,1,0
457,1,0
458,0,1
459,1,2
460,1,1
461,1,0
462,1,0
463,1,0
464,1,0
465,1,1
466,1,0
467,0,0
468,0,0
469,1,0
470,0,0
471,0,0
472,0,0
473,0,1
474,0,0
475,1,0
476,0,0
477,0,0
478,0,0
479,0,0
480,0,2
481,0,0
482,1,0
483,0,0
484,0,1
485,0,1
486,1,1
487,0,2
488,0,1
489,0,1
490,1,0
491,0,0
492,0,0
493,0,0
494,1,2
495,1,2
496,1,2
497,1,2
498,1,0
499,1,0
500,1,1
501,1,2
502,1,2
503,1,2
504,1,1
505,1,1
506,1,1
507,1,0
508,1,1
509,1,2
510,1,1
511,1,0
512,1,0
513,1,2
514,1,0
515,1,1
516,1,0
517,1,2
518,1,0
519,1,1
520,1,1
521,1,1
522,1,2
523,1,0
524,1,0
525,0,0
526,0,0
527,1,0
528,0,1
529,1,0
530,1,0
531,1,0
532,0,0
533,0,0
534,0,0
535,0,0
536,0,1
537,0,1
538,0,2
539,0,0
540,1,0
541,0,0
542,0,0
543,0,0
544,1,0
545,0,1
546,1,1
547,1,1
548,1,0
549,0,0
550,0,0
551,0,0
552,1,2
553,1,0
554,1,0
555,0,0
556,0,0
557,0,1
558,0,0
559,1,0
560,1,0
561,1,2
562,1,0
563,1,0
564,1,1
565,1,1
566,1,1
567,1,2
568,1,0
569,1,1
570,1,0
571,1,0
572,1,1
573,1,1
574,1,2
575,1,1
576,1,0
577,1,2
578,1,0
579,1,0
580,1,0
581,1,0
582,1,1
583,1,0
584,2,0
585,1,0
586,1,1
587,1,0
588,1,0
589,1,0
590,1,0
591,0,1
592,1,1
593,0,1
594,1,1
595,1,0
596,1,2
597,0,0
598,0,0
599,0,0
600,0,0
601,0,0
602,0,1
603,0,2
604,1,1
605,1,1
606,1,-1
607,0,0
608,0,0
609,0,0
610,1,0
611,1,0
612,1,0
613,1,0
614,0,0
615,0,1
616,0,1
617,0,1
618,0,0
619,0,0
620,1,0
621,1,0
622,1,0
623,0,0
624,0,0
625,1,0
626,1,0
627,1,0
628,1,0
629,1,0
630,1,0
631,1,0
632,1,0
633,1,0
634,1,2
635,1,0
636,1,1
637,1,0
638,1,0
639,1,1
640,1,0
641,1,0
642,1,1
643,1,2
644,1,2
645,0,2
646,0,0
647,1,1
648,1,1
649,1,2
650,1,1
651,1,1
652,1,3
653,1,0
654,0,-1
655,0,0
656,0,0
657,0,0
658,0,0
659,0,0
660,0,0
661,0,1
662,0,0
663,0,1
664,0,0
665,0,0
666,0,0
667,0,0
668,0,0
669,0,0
670,0,2
671,0,0
672,1,1
673,0,0
674,0,-1
675,0,1
676,-1,1
677,1,1
678,2,-5
679,4,-5
680,6,-4
681,9,-6
682,9,-6
683,11,-6
684,13,-6
685,15,-5
686,19,-6
687,22,-5
688,23,-6
689,26,-5
690,30,-5
691,31,-5
692,33,-6
693,35,-4
694,38,-6
695,38,-4
696,44,-6
697,46,-6
698,49,-6
699,50,-5
700,53,-6
701,56,-6
702,58,-6
703,61,-6
704,62,-7
705,66,-6
706,68,-6
707,71,-5
708,74,-6
709,76,-6
710,78,-6
711,81,-6
712,84,-6
713,87,-6
714,91,-6
715,94,-6
716,96,-6
717,99,-6
718,103,-6
719,106,-6
720,109,-7
721,111,-8
722,116,-8
723,119,-7
724,121,-8
725,123,-8
726,127,-8
727,131,-8
728,133,-8
729,136,-8
730,139,-8
731,143,-8
732,145,-8
733,147,-8
734,150,-8
735,153,-8
736,156,-8
737,158,-8
738,161,-9
739,164,-8
740,166,-8
741,169,-8
742,172,-8
743,173,-8
744,175,-8
745,178,-9
746,181,-9
747,184,-8
748,185,-9
749,186,-8
750,189,-9
751,191,-8
752,193,-8
753,194,-8
754,194,-8
755,198,-8
756,199,-9
757,200,-9
758,201,-9
759,202,-9
760,203,-9
761,207,-9
762,208,-9
763,209,-9
764,209,-9
765,212,-9
766,212,-9
767,214,-9
768,215,-9
769,216,-9
770,216,-8
771,218,-9
772,219,-8
773,219,-8
774,222,-8
775,222,-9
776,222,-9
777,221,-10
778,223,-11
779,223,-9
780,223,-11
781,224,-9
782,226,-10
783,226,-10
784,226,-10
785,226,-10
786,228,-10
787,228,-10
788,228,-10
789,228,-10
790,228,-10
791,228,-11
792,228,-10
793,228,-10
794,228,-10
795,228,-10
796,228,-11
797,230,-10
798,230,-10
799,230,-10
800,230,-10
801,230,-10
802,230,-10
803,229,-10
804,230,-10
805,230,-10
806,230,-10
807,230,-10
808,228,-10
809,228,-8
810,227,-7
811,228,-6
812,227,-4
813,228,-1
814,227,2
815,227,3
816,228,5
817,227,7
818,228,10
819,227,10
820,227,13
821,226,15
822,226,18
823,227,19
824,226,23
825,225,25
826,225,28
827,226,29
828,225,33
829,223,35
830,225,37
831,223,40
832,223,43
833,222,44
834,222,48
835,221,52
836,221,54
837,221,57
838,220,59
839,219,61
840,219,65
841,220,70
842,218,72
843,217,75
844,216,77
845,217,81
846,215,84
847,215,88
848,215,89
849,212,93
850,211,95
851,211,98
852,210,101
853,209,105
854,207,109
855,207,113
856,206,115
857,203,118
858,203,120
859,203,125
860,201,128
861,199,131
862,196,132
863,195,136
864,194,139
865,192,142
866,192,145
867,189,148
868,188,150
869,187,154
870,184,156
871,183,159
872,182,160
873,180,162
874,177,167
875,177,168
876,176,170
877,171,172
878,170,175
879,169,176
880,166,180
881,164,180
882,161,183
883,160,184
884,158,186
885,157,186
886,155,188
887,153,188
888,152,192
889,149,193
890,145,196
891,142,196
892,142,197
893,140,198
894,138,199
895,133,200
896,131,201
897,130,201
898,126,201
899,125,203
900,120,205
901,118,205
902,116,208
903,113,208
904,110,208
905,108,208
906,104,210
907,103,211
908,97,211
909,95,212
910,91,214
911,89,214
912,86,214
913,82,214
914,79,216
915,76,217
916,71,216
917,69,216
918,65,216
919,60,217
920,59,217
921,57,217
922,53,217
923,51,217
924,46,218
925,43,218
926,41,219
927,39,218
928,37,218
929,34,220
930,32,219
931,28,219
932,27,219
933,23,219
934,21,219
935,17,220
936,16,219
937,11,219
938,9,219
939,8,219
940,4,220
941,2,219
942,1,219
943,0,219
944,-2,219
945,-5,219
946,-7,219
947,-8,220
948,-10,219
949,-10,221
950,-9,221
951,-8,221
952,-8,221
953,-8,221
954,-8,221
955,-7,221
956,-7,221
957,-7,219
958,-7,221
959,-7,219
960,-7,219
961,-8,218
962,-7,218
963,-7,217
964,-7,217
965,-8,217
966,-7,216
967,-8,214
968,-8,216
969,-7,214
970,-7,215
971,-7,213
972,-7,213
973,-7,213
974,-7,211
975,-7,211
976,-7,209
977,-7,207
978,-7,207
979,-7,207
980,-7,207
981,-7,205
982,-7,204
983,-8,204
984,-8,202
985,-7,200
986,-8,200
987,-8,200
988,-8,198
989,-8,197
990,-8,194
991,-8,192
992,-7,190
993,-8,190
994,-7,190
995,-7,188
996,-7,186
997,-7,186
998,-7,181
999,-7,181
1000,-7,180
1001,-7,178
1002,-7,175
1003,-7,174
1004,-7,174
1005,-7,169
1006,-7,168
1007,-7,166
1008,-7,164
1009,-7,163
1010,-7,158
1011,-7,157
1012,-7,156
1013,-7,154
1014,-7,151
1015,-6,150
1016,-6,148
1017,-6,142
1018,-6,140
1019,-6,140
1020,-6,138
1021,-6,136
1022,-6,131
1023,-6,130
1024,-7,128
1025,-6,125
1026,-6,123
1027,-6,122
1028,-6,117
1029,-6,116
1030,-5,113
1031,-6,110
1032,-6,108
1033,-5,105
1034,-5,100
1035,-5,99
1036,-6,93
1037,-6,91
1038,-6,87
1039,-5,84
1040,-6,81
1041,-6,77
1042,-6,74
1043,-5,71
1044,-6,67
1045,-6,64
1046,-6,62
1047,-5,57
1048,-6,54
1049,-6,52
1050,-6,48
1051,-6,46
1052,-6,41
1053,-5,38
1054,-5,38
1055,-5,33
1056,-5,31
1057,-5,28
1058,-5,24
1059,-5,20
1060,-5,18
1061,-4,17
1062,-5,13
1063,-5,12
1064,-5,8
1065,-4,6
1066,-5,3
1067,-4,0
1068,-4,-2
1069,-4,-4
1070,-4,-3
1071,0,-1
1072,0,0
1073,0,1
1074,0,0
1075,1,0
1076,1,0
1077,1,1
1078,1,0
1079,1,0
1080,1,0
1081,1,0
1082,1,0
1083,1,0
1084,1,0
1085,0,0
1086,1,0
1087,0,0
1088,0,1
1089,0,-1
1090,1,0
1091,0,-1
1092,0,0
1093,1,0
1094,1,0
1095,1,1
1096,1,0
1097,0,0
1098,0,0
1099,0,0
1100,1,2
1101,1,0
1102,1,0
1103,1,0
1104,0,0
1105,0,-1
1106,0,-1
1107,0,-1
1108,0,-1
1109,0,-1
1110,0,-1
1111,1,-1
1112,0,0
1113,1,-1
1114,0,0
1115,0,0
1116,0,1
1117,0,1
1118,1,3
1119,1,1
1120,2,1
1121,1,0
1122,0,1
1123,1,0
1124,1,0
1125,1,0
1126,1,0
1127,0,0
1128,0,1
1129,0,-1
1130,0,1
1131,0,0
1132,1,0
1133,2,1
1134,1,2
1135,1,1
1136,1,0
1137,1,0
1138,1,2
1139,1,2
1140,1,2
1141,1,2
1142,1,0
1143,1,0
1144,1,1
1145,2,2
1146,1,1
1147,1,1
1148,1,2
1149,1,0
1150,1,2
1151,1,2
1152,1,2
1153,2,0
1154,1,1
1155,1,1
1156,1,3
1157,1,0
1158,1,0
1159,1,0
1160,1,1
1161,1,1
1162,1,1
1163,1,0
1164,0,1
1165,0,1
1166,1,1
1167,0,1
1168,0,1
1169,1,2
1170,0,1
1171,0,1
1172,1,0
1173,1,1
1174,1,0
1175,1,0
1176,1,2
1177,1,-1
1178,1,0
1179,1,-1
1180,1,-1
1181,1,0
1182,1,2
1183,1,0
1184,1,0
1185,1,1
1186,1,0
1187,1,-1
1188,1,2
1189,1,-1
1190,0,-1
1191,1,0
1192,1,2
1193,1,0
1194,1,1
1195,1,2
1196,1,1
1197,1,0
1198,1,2
1199,1,0
1200,1,0
1201,1,2
1202,1,1
1203,1,2
1204,1,2
1205,1,2
1206,1,0
1207,1,1
1208,1,0
1209,1,1
1210,1,2
1211,1,2
1212,2,2
1213,1,0
1214,1,0
1215,1,0
1216,2,2
1217,2,0
1218,2,0
1219,3,0
1220,2,0
1221,2,2
1222,2,0
1223,2,0
1224,3,1
1225,3,2
1226,3,2
1227,2,2
1228,2,2
1229,2,1
1230,2,0
1231,2,0
1232,1,0
1233,2,1
1234,2,-1
1235,2,-1
1236,2,-1
1237,2,-1
1238,2,-1
1239,2,-1
1240,2,-1
1241,2,0
1242,2,0
1243,2,0
1244,2,0
1245,2,0
1246,2,1
1247,2,0
1248,2,0
1249,2,-1
1250,2,0
1251,2,-1
1252,2,-1
1253,2,-1
1254,2,1
1255,2,1
1256,2,1
1257,2,-1
1258,2,0
1259,2,1
1260,2,0
1261,2,1
1262,2,2
1263,2,1
1264,2,0
1265,2,0
1266,2,1
1267,2,2
1268,2,1
1269,2,2
1270,2,0
1271,2,0
1272,2,0
1273,2,2
1274,2,2
1275,3,2
1276,1,2
1277,2,1
1278,3,0
1279,2,0
1280,2,0
1281,2,0
1282,2,0
1283,2,0
1284,3,0
1285,1,2
1286,2,2
1287,2,2
1288,2,2
1289,2,2
1290,2,0
1291,2,2
1292,1,0
1293,2,2
1294,2,-1
1295,2,-1
1296,2,1
1297,2,-1
1298,2,-1
1299,2,1
1300,2,-1
1301,2,0
1302,2,-1
1303,2,0
1304,2,2
1305,2,0
1306,2,0
1307,2,0
1308,2,-1
1309,2,0
1310,2,-1
1311,2,-1
1312,2,1
1313,2,-1
1314,2,-1
1315,2,-1
1316,2,-1
1317,2,1
1318,2,1
1319,2,1
1320,2,0
1321,2,0
1322,2,0
1323,2,1
1324,2,0
1325,2,1
1326,2,-1
1327,2,0
1328,2,2
1329,2,0
1330,2,0
1331,2,0
1332,2,2
1333,2,0
1334,2,0
1335,2,0
1336,2,1
1337,2,1
1338,2,2
1339,2,0
1340,2,0
1341,2,2
1342,3,0
1343,2,2
1344,3,2
1345,3,2
1346,3,2
1347,3,2
1348,3,2
1349,2,2
1350,2,1
1351,3,2
1352,2,1
1353,2,2
1354,2,0
1355,2,0
1356,2,1
1357,2,1
1358,2,2
1359,2,0
1360,2,-1
1361,2,1
1362,2,1
1363,2,1
1364,2,1
1365,2,0
1366,2,0
1367,2,0
1368,2,2
1369,2,0
1370,2,0
1371,2,1
1372,2,-1
1373,2,-1
1374,2,-1
1375,2,-1
1376,2,-1
1377,2,-1
1378,2,-1
1379,2,-1
1380,2,0
1381,2,0
1382,2,2
1383,2,0
1384,2,0
1385,2,0
1386,2,1
1387,2,2
1388,2,1
1389,2,0
1390,2,0
1391,1,0
1392,2,0
1393,2,0
1394,2,0
1395,2,1
1396,2,0
1397,2,0
1398,2,2
1399,2,2
1400,2,2
1401,2,2
1402,2,0
1403,2,1
1404,3,1
1405,2,2
1406,2,0
1407,3,0
1408,2,0
1409,2,0
1410,3,0
1411,2,0
1412,2,0
1413,2,2
1414,2,0
1415,3,0
1416,2,0
1417,2,0
1418,2,2
1419,2,2
1420,2,2
1421,3,2
1422,2,1
1423,2,2
1424,2,1
1425,2,2
1426,2,2
1427,2,2
1428,2,1
1429,2,2
1430,2,0
1431,2,0
1432,2,0
1433,2,1
1434,2,1
1435,2,1
1436,2,-1
1437,2,1
1438,2,-1
1439,2,0
1440,2,0
1441,2,0
1442,2,0
1443,2,0
1444,2,-1
1445,2,0
1446,2,1
1447,2,1
1448,2,1
1449,2,0
1450,2,-1
1451,2,0
1452,2,-1
1453,2,1
1454,2,-1
1455,2,1
1456,2,-1
1457,1,1
1458,2,-1
1459,2,-1
1460,2,-1
1461,2,0
1462,2,0
1463,2,2
1464,2,1
1465,2,1
1466,2,1
1467,2,0
1468,2,0
1469,2,0
1470,2,2
1471,2,0
1472,1,0
1473,1,0
1474,1,1
1475,1,1
1476,1,2
1477,1,0
1478,1,0
1479,1,1
1480,1,2
1481,1,2
1482,1,2
1483,1,0
1484,1,0
1485,1,0
1486,1,0
1487,1,0
1488,1,1
1489,1,0
1490,1,-1
1491,1,-1
1492,1,1
1493,1,2
1494,1,1
1495,1,0
1496,1,0
1497,1,1
1498,1,-1
1499,1,2
1500,1,0
1501,1,1
1502,1,0
1503,1,0
1504,1,0
1505,1,0
1506,1,-1
1507,1,0
1508,1,-1
1509,1,0
1510,1,-1
1511,1,-1
1512,1,0
1513,1,2
1514,1,0
1515,1,0
1516,1,0
1517,1,-1
1518,1,-1
1519,1,-1
1520,1,-1
1521,1,-1
1522,1,0
1523,1,-1
1524,1,-1
1525,1,0
1526,1,2
1527,1,2
1528,1,2
1529,1,0
1530,1,0
1531,1,2
1532,1,0
1533,0,2
1534,0,0
1535,1,1
1536,1,0
1537,1,0
1538,1,1
1539,1,0
1540,1,0
1541,1,1
1542,1,0
1543,1,1
1544,1,0
1545,1,0
1546,2,0
1547,1,0
1548,0,0
1549,1,2
1550,2,0
1551,1,0
1552,1,2
1553,1,0
1554,1,2
1555,1,0
1556,1,0
1557,1,1
1558,1,0
1559,1,1
1560,1,-1
1561,1,-1
1562,1,-1
1563,1,-1
1564,1,1
1565,1,-1
1566,1,-1
1567,1,-1
1568,1,-1
1569,1,2
1570,1,-1
1571,1,-1
1572,1,2
1573,1,0
1574,1,2
1575,1,0
1576,1,1
1577,1,0
1578,1,-1
1579,1,1
1580,1,-1
1581,1,1
1582,1,-1
1583,1,-1
1584,1,-1
1585,1,-1
1586,1,-1
1587,1,1
1588,1,-1
1589,1,2
1590,1,2
1591,1,2
1592,1,1
1593,2,2
1594,1,1
1595,1,1
1596,1,0
1597,1,0
1598,1,2
1599,1,0
1600,1,0
1601,1,0
1602,1,0
1603,1,2
1604,1,0
1605,1,0
1606,1,0
1607,1,2
1608,1,2
1609,1,2
1610,1,0
1611,1,1
1612,1,0
1613,1,0
1614,1,2
1615,2,2
1616,1,2
1617,1,2
1618,1,0
1619,1,0
1620,1,0
1621,1,0
1622,1,2
1623,1,0
1624,1,-1
1625,1,-1
1626,1,-1
1627,1,-1
1628,0,0
1629,1,1
1630,1,0
1631,1,0
1632,1,1
1633,1,0
1634,1,0
1635,1,0
1636,1,0
1637,1,-1
1638,1,-1
1639,1,-1
1640,1,0
1641,1,0
1642,1,0
1643,1,2
1644,1,-1
1645,1,1
1646,1,2
1647,1,1
1648,1,2
1649,1,1
1650,1,1
1651,1,1
1652,1,0
1653,1,0
1654,1,0
1655,1,1
1656,1,2
1657,1,1
1658,1,2
1659,1,2
1660,1,2
1661,1,2
1662,1,0
1663,1,0
1664,1,0
1665,1,2
1666,1,0
1667,1,0
1668,1,0
1669,1,0
1670,1,1
1671,1,2
1672,1,2
1673,1,2
1674,1,0
1675,1,1
1676,1,2
1677,1,1
1678,1,0
1679,1,2
1680,1,2
1681,1,2
1682,1,0
1683,1,0
1684,1,0
1685,1,1
1686,1,1
1687,1,1
1688,1,1
1689,1,1
1690,1,2
1691,1,1
1692,1,-1
1693,1,-1
1694,1,1
1695,1,-1
1696,1,-1
1697,1,-1
1698,1,0
1699,1,-1
1700,1,-1
1701,1,-1
1702,0,-1
1703,1,1
1704,1,1
1705,1,1
1706,1,0
1707,1,1
1708,1,2
1709,1,2
1710,1,2
1711,1,0
1712,1,0
1713,1,0
1714,1,0
1715,1,2
1716,2,0
1717,1,1
1718,1,1
1719,1,2
1720,1,0
1721,1,1
1722,0,2
1723,1,2
1724,1,2
1725,1,0
1726,1,1
1727,1,0
1728,1,0
1729,1,0
1730,1,0
1731,1,0
1732,1,0
1733,1,2
1734,1,0
1735,1,0
1736,1,2
1737,1,0
1738,1,-1
1739,1,2
1740,1,-1
1741,1,-1
1742,1,-1
1743,1,-1
1744,1,-1
1745,1,0
1746,1,-1
1747,1,1
1748,1,-1
1749,1,-1
1750,1,-1
1751,1,2
1752,1,2
1753,1,2
1754,1,-1
1755,1,1
1756,1,0
1757,1,1
1758,1,0
1759,1,-1
1760,1,-1
1761,0,1
1762,0,-1
1763,1,-1
1764,1,-1
1765,1,-1
1766,1,-1
1767,1,-1
1768,1,-1
1769,1,2
1770,1,0
1771,1,0
1772,1,2
1773,1,0
1774,1,0
1775,1,2
1776,1,0
1777,1,2
1778,1,0
1779,1,2
1780,1,0
1781,1,0
1782,1,0
1783,1,2
1784,1,0
1785,1,2
1786,1,0
1787,1,1
1788,1,1
1789,1,1
1790,1,2
1791,1,0
1792,1,0
1793,1,2
1794,1,0
1795,1,0
1796,1,0
1797,1,2
1798,1,0
1799,1,1
1800,1,-1
1801,1,-1
1802,1,-1
1803,1,0
1804,1,0
1805,1,0
1806,1,0
1807,1,-1
1808,1,-1
1809,1,-1
1810,1,1
1811,1,2
1812,1,2
1813,1,2
1814,1,1
1815,1,0
1816,1,1
1817,1,-1
1818,1,-1
1819,1,-1
1820,1,0
1821,1,1
1822,1,2
1823,1,2
1824,1,2
1825,1,-1
1826,1,-1
1827,1,-1
1828,1,1
1829,1,-1
1830,1,0
1831,0,-1
1832,0,-1
1833,1,0
1834,1,1
1835,1,0
1836,1,0
1837,1,1
1838,1,1
1839,1,2
1840,1,0
1841,1,0
1842,1,1
1843,1,2
1844,1,1
1845,1,1
1846,1,2
1847,1,2
1848,1,2
1849,1,0
1850,1,0
1851,1,2
1852,2,0
1853,1,1
1854,1,1
1855,1,2
1856,1,1
1857,0,2
1858,1,2
1859,1,2
1860,1,1
1861,1,1
1862,1,1
1863,1,0
1864,1,0
1865,1,2
1866,1,-1
1867,1,-1
1868,1,-1
1869,1,-1
1870,1,-1
1871,1,0
1872,1,0
1873,1,1
1874,1,-1
1875,1,-1
1876,1,-1
1877,1,0
1878,1,0
1879,1,0
1880,1,1
1881,1,2
1882,1,1
1883,1,-1
1884,1,-1
1885,1,-1
1886,1,0
1887,1,0
1888,1,1
1889,1,0
1890,1,1
1891,0,-1
1892,1,0
1893,1,1
1894,1,1
1895,1,2
1896,1,1
1897,1,2
1898,1,1
1899,1,0
1900,1,-1
1901,1,0
1902,1,0
1903,1,0
1904,1,0
1905,1,1
1906,1,0
1907,1,1
1908,1,0
1909,1,0
1910,1,1
1911,1,1
1912,1,2
1913,1,2
1914,1,2
1915,1,0
1916,1,0
1917,1,2
1918,1,0
1919,1,0
1920,0,0
1921,1,0
1922,1,0
1923,1,0
1924,1,0
1925,1,2
1926,1,0
1927,1,0
1928,1,0
1929,1,2
1930,1,2
1931,1,2
1932,1,-1
1933,1,2
1934,1,-1
1935,1,0
1936,1,1
1937,1,2
1938,1,1
1939,1,-1
1940,1,1
1941,1,-1
1942,1,0
1943,1,-1
1944,1,-1
1945,1,-1
1946,1,0
1947,1,1
1948,0,0
1949,1,-1
1950,1,-1
1951,1,-1
1952,1,-1
1953,1,2
1954,1,-1
1955,1,-1
1956,1,0
1957,1,-1
1958,1,0
1959,1,2
1960,1,2
1961,1,2
1962,1,0
1963,1,0
1964,1,0
1965,1,1
1966,1,-1
1967,1,0
1968,1,0
1969,1,0
1970,1,0
1971,1,0
1972,1,-1
1973,1,0
1974,1,0
1975,1,2
1976,1,0
1977,1,0
1978,1,2
1979,1,2
1980,2,2
1981,1,0
1982,1,1
1983,1,0
1984,1,2
1985,1,0
1986,0,2
1987,1,0
1988,1,0
1989,1,0
1990,1,0
1991,1,0
1992,2,0
1993,1,0
1994,1,1
1995,1,2
1996,1,2
1997,1,2
1998,1,0
1999,1,1
2000,1,2
2001,1,1
2002,1,0
2003,1,0
2004,1,1
2005,1,2
2006,1,1
2007,1,-1
2008,1,1
2009,1,-1
2010,1,-1
2011,1,-1
2012,1,1
2013,1,-1
2014,1,1
2015,1,0
2016,1,2
2017,1,1
2018,1,1
2019,1,2
2020,1,1
2021,1,2
2022,1,1
2023,1,1
2024,1,0
2025,1,-1
2026,1,-1
2027,1,2
2028,1,2
2029,1,2
2030,1,1
2031,1,1
2032,1,-1
2033,1,1
2034,1,2
2035,1,1
2036,1,2
2037,1,0
2038,1,0
2039,1,2
2040,1,2
2041,2,2
2042,1,2
2043,1,0
2044,0,2
2045,0,2
2046,1,2
2047,1,2
2048,1,1
2049,1,0
2050,1,0
2051,1,1
2052,1,0
2053,1,0
2054,1,0
2055,1,2
2056,1,0
2057,1,0
2058,1,0
2059,1,0
2060,1,1
2061,1,1
2062,1,2
2063,1,0
2064,1,0
2065,1,0
2066,1,0
2067,1,0
2068,1,1
2069,1,0
2070,1,0
2071,1,0
2072,1,1
2073,1,-1
2074,1,-1
2075,1,0
2076,1,-1
2077,1,-1
2078,1,0
2079,1,0
2080,1,0
2081,1,0
2082,1,-1
2083,1,0
2084,0,1
2085,1,2
2086,1,1
2087,1,-1
2088,1,-1
2089,1,-1
2090,1,1
2091,1,1
2092,1,1
2093,1,-1
2094,1,0
2095,1,-1
2096,1,0
2097,1,0
2098,1,1
2099,1,1
2100,1,2
2101,1,0
2102,1,0
2103,1,0
2104,1,0
2105,1,0
2106,1,2
2107,1,2
2108,1,2
2109,1,1
2110,0,2
2111,0,1
2112,1,2
2113,1,1
2114,1,1
2115,1,2
2116,1,2
2117,1,2
2118,1,0
2119,1,0
2120,1,1
2121,1,1
2122,1,2
2123,2,2
2124,1,2
2125,1,2
2126,1,2
2127,2,2
2128,1,2
2129,1,1
2130,1,1
2131,1,-1
2132,1,-1
2133,1,-1
2134,1,1
2135,1,-1
2136,1,-1
2137,1,-1
2138,1,0
2139,1,0
2140,1,0
2141,1,-1
2142,1,0
2143,1,1
2144,0,2
2145,1,1
2146,1,0
2147,1,2
2148,1,1
2149,1,2
2150,1,1
2151,1,2
2152,1,-1
2153,1,0
2154,1,1
2155,1,1
2156,1,2
2157,0,0
2158,1,-1
2159,1,1
2160,1,1
2161,1,1
2162,1,0
2163,1,1
2164,1,0
2165,1,0
2166,0,1
2167,0,0
2168,1,2
2169,1,0
2170,1,0
2171,1,0
2172,1,0
2173,1,0
2174,1,0
2175,1,2
2176,1,2
2177,1,2
2178,1,2
2179,1,1
2180,1,2
2181,1,1
2182,1,0
2183,1,2
2184,1,0
2185,1,2
2186,1,2
2187,1,2
2188,1,0
2189,1,2
2190,1,2
2191,1,2
2192,1,2
2193,1,0
2194,1,0
2195,0,-1
2196,0,0
2197,0,-1
2198,0,-1
2199,1,-1
2200,0,0
2201,1,2
2202,0,0
2203,0,1
2204,0,-5
2205,3,-5
2206,5,-6
2207,8,-6
2208,10,-5
2209,12,-6
2210,15,-6
2211,17,-6
2212,19,-6
2213,21,-6
2214,23,-5
2215,27,-6
2216,28,-6
2217,31,-6
2218,33,-6
2219,36,-5
2220,38,-6
2221,41,-6
2222,44,-6
2223,46,-6
2224,48,-6
2225,49,-6
2226,52,-6
2227,53,-6
2228,58,-6
2229,60,-4
2230,61,-4
2231,63,-4
2232,65,-6
2233,67,-6
2234,71,-6
2235,73,-6
2236,76,-6
2237,78,-6
2238,84,-6
2239,85,-6
2240,89,-6
2241,92,-6
2242,94,-6
2243,99,-6
2244,103,-6
2245,105,-7
2246,110,-7
2247,112,-7
2248,115,-6
2249,118,-7
2250,121,-7
2251,122,-7
2252,127,-7
2253,130,-8
2254,133,-7
2255,136,-8
2256,139,-8
2257,141,-8
2258,145,-8
2259,148,-8
2260,150,-8
2261,154,-8
2262,156,-8
2263,159,-8
2264,161,-8
2265,164,-8
2266,165,-8
2267,167,-8
2268,171,-8
2269,172,-8
2270,174,-8
2271,176,-8
2272,178,-8
2273,180,-8
2274,181,-8
2275,183,-8
2276,185,-8
2277,186,-8
2278,186,-8
2279,188,-8
2280,191,-8
2281,192,-8
2282,192,-8
2283,194,-9
2284,195,-9
2285,196,-8
2286,196,-9
2287,196,-9
2288,197,-9
2289,198,-9
2290,198,-8
2291,199,-9
2292,199,-9
2293,200,-9
2294,200,-9
2295,200,-9
2296,201,-9
2297,201,-9
2298,201,-9
2299,202,-9
2300,203,-9
2301,203,-9
2302,203,-9
2303,205,-9
2304,206,-9
2305,207,-8
2306,207,-9
2307,208,-9
2308,208,-9
2309,209,-9
2310,210,-8
2311,210,-9
2312,210,-8
2313,212,-9
2314,213,-10
2315,214,-10
2316,215,-9
2317,216,-10
2318,217,-10
2319,218,-10
2320,218,-9
2321,218,-9
2322,221,-9
2323,221,-9
2324,224,-10
2325,224,-10
2326,225,-10
2327,226,-10
2328,228,-8
2329,229,-10
2330,229,-10
2331,230,-10
2332,230,-10
2333,230,-10
2334,232,-10
2335,230,-9
2336,230,-8
2337,230,-5
2338,230,-3
2339,230,-1
2340,230,1
2341,230,3
2342,229,4
2343,229,10
2344,229,10
2345,229,11
2346,229,14
2347,228,16
2348,226,18
2349,226,21
2350,224,23
2351,222,27
2352,222,28
2353,221,29
2354,220,32
2355,219,32
2356,217,37
2357,217,39
2358,215,42
2359,214,44
2360,212,46
2361,212,50
2362,211,52
2363,210,55
2364,209,58
2365,208,61
2366,207,64
2367,205,68
2368,205,70
2369,202,73
2370,202,77
2371,202,80
2372,201,82
2373,198,84
2374,197,87
2375,196,90
2376,195,94
2377,194,96
2378,193,99
2379,191,103
2380,189,107
2381,189,112
2382,188,115
2383,186,117
2384,185,120
2385,183,125
2386,183,129
2387,182,131
2388,182,133
2389,179,137
2390,179,141
2391,176,142
2392,177,145
2393,173,147
2394,171,150
2395,171,153
2396,169,156
2397,168,159
2398,166,160
2399,166,161
2400,164,164
2401,161,167
2402,160,168
2403,159,170
2404,156,172
2405,155,172
2406,154,175
2407,154,176
2408,151,178
2409,149,179
2410,147,180
2411,146,180
2412,142,181
2413,142,182
2414,140,183
2415,139,183
2416,134,183
2417,132,184
2418,130,185
2419,128,185
2420,127,185
2421,125,186
2422,120,186
2423,116,187
2424,115,188
2425,112,188
2426,110,189
2427,109,189
2428,105,190
2429,103,190
2430,99,190
2431,96,193
2432,94,193
2433,90,194
2434,88,194
2435,84,194
2436,82,195
2437,79,197
2438,76,197
2439,73,197
2440,69,198
2441,67,199
2442,64,201
2443,61,202
2444,59,203
2445,57,205
2446,54,206
2447,51,207
2448,50,207
2449,48,209
2450,46,210
2451,44,212
2452,41,213
2453,37,214
2454,37,215
2455,34,217
2456,31,218
2457,29,218
2458,25,218
2459,25,219
2460,22,220
2461,18,221
2462,17,221
2463,13,221
2464,11,222
2465,9,222
2466,6,223
2467,6,224
2468,3,223
2469,0,224
2470,-1,223
2471,-3,223
2472,-5,222
2473,-7,221
2474,-8,221
2475,-11,221
2476,-9,221
2477,-8,221
2478,-8,221
2479,-8,219
2480,-8,217
2481,-7,217
2482,-7,215
2483,-7,215
2484,-7,213
2485,-7,213
2486,-7,210
2487,-7,210
2488,-7,209
2489,-7,207
2490,-8,206
2491,-7,205
2492,-7,205
2493,-7,203
2494,-7,201
2495,-7,203
2496,-7,200
2497,-7,200
2498,-7,198
2499,-7,198
2500,-7,196
2501,-7,195
2502,-7,194
2503,-7,192
2504,-7,192
2505,-7,191
2506,-7,191
2507,-7,190
2508,-7,188
2509,-7,188
2510,-6,186
2511,-6,184
2512,-6,184
2513,-6,181
2514,-6,181
2515,-6,179
2516,-6,179
2517,-7,177
2518,-6,176
2519,-7,175
2520,-7,173
2521,-7,170
2522,-7,169
2523,-7,168
2524,-7,166
2525,-7,166
2526,-7,164
2527,-6,163
2528,-6,162
2529,-6,159
2530,-6,158
2531,-6,156
2532,-6,154
2533,-6,154
2534,-6,152
2535,-6,148
2536,-6,146
2537,-6,145
2538,-6,144
2539,-6,140
2540,-6,139
2541,-6,137
2542,-6,137
2543,-6,132
2544,-6,131
2545,-6,129
2546,-6,126
2547,-6,127
2548,-6,124
2549,-5,124
2550,-6,119
2551,-5,116
2552,-6,114
2553,-5,111
2554,-6,108
2555,-6,106
2556,-6,100
2557,-6,97
2558,-5,94
2559,-6,92
2560,-5,89
2561,-6,85
2562,-6,82
2563,-6,80
2564,-5,79
2565,-6,74
2566,-5,70
2567,-5,70
2568,-5,64
2569,-6,62
2570,-6,60
2571,-5,58
2572,-4,54
2573,-5,52
2574,-5,50
2575,-5,47
2576,-5,44
2577,-5,42
2578,-5,39
2579,-5,35
2580,-5,33
2581,-5,32
2582,-5,31
2583,-4,26
2584,-5,26
2585,-5,22
2586,-4,20
2587,-5,18
2588,-5,14
2589,-5,14
2590,-4,11
2591,-5,9
2592,-4,9
2593,-4,4
2594,-4,2
2595,-4,0
2596,-4,-2
2597,0,-1
2598,0,-1
2599,1,-1
2600,0,1
2601,0,-1
2602,0,2
2603,0,0
2604,0,0
2605,0,1
2606,1,0
2607,0,-1
2608,0,-1
2609,1,0
2610,1,0
2611,1,1
2612,1,0
2613,2,-1
2614,1,0
2615,1,1
2616,1,0
2617,1,1
2618,1,0
2619,1,2
2620,1,0
2621,1,0
2622,1,1
2623,1,1
2624,1,2
2625,1,0
2626,2,0
2627,1,0
2628,0,2
2629,0,2
2630,1,2
2631,1,-1
2632,1,0
2633,1,0
2634,1,2
2635,1,0
2636,1,2
2637,1,0
2638,0,1
2639,1,0
2640,0,0
2641,0,0
2642,0,1
2643,0,2
2644,1,2
2645,0,2
2646,1,0
2647,0,1
2648,0,0
2649,0,2
2650,0,1
2651,1,2
2652,0,1
2653,1,0
2654,0,0
2655,0,0
2656,0,0
2657,1,0
2658,1,3
2659,1,0
2660,1,1
2661,0,1
2662,1,1
2663,0,2
2664,0,0
2665,0,1
2666,0,0
2667,1,0
2668,0,0
2669,0,0
2670,0,0
2671,1,0
2672,1,0
2673,1,2
2674,1,-1
2675,1,0
2676,1,2
2677,1,1
2678,1,1
2679,1,1
2680,1,0
2681,1,0
2682,1,0
2683,1,2
2684,1,0
2685,1,0
2686,1,2
2687,1,0
2688,1,1
2689,1,0
2690,1,1
2691,1,1
2692,1,1
2693,1,0
2694,1,0
2695,1,0
2696,1,1
2697,1,1
2698,1,1
2699,1,-1
2700,1,2
2701,1,2
2702,2,2
2703,0,0
2704,0,0
2705,1,0
2706,0,0
2707,1,1
2708,0,0
2709,1,0
2710,1,0
2711,1,0
2712,1,0
2713,1,0
2714,1,2
2715,1,0
2716,1,1
2717,1,1
2718,0,1
2719,1,2
2720,1,1
2721,1,2
2722,1,0
2723,0,1
2724,1,2
2725,0,1
2726,0,1
2727,0,0
2728,0,0
2729,0,0
2730,0,0
2731,0,0
2732,1,0
2733,1,0
2734,1,1
2735,0,0
2736,1,0
2737,1,0
2738,1,0
2739,1,0
2740,1,0
2741,1,1
2742,1,1
2743,2,1
2744,2,2
2745,2,1
2746,2,0
2747,2,0
2748,2,1
2749,2,0
2750,2,0
2751,2,0
2752,2,1
2753,2,1
2754,2,1
2755,2,1
2756,2,1
2757,2,2
2758,2,2
2759,2,2
2760,2,1
2761,2,1
2762,2,2
2763,2,0
2764,2,0
2765,2,1
2766,2,0
2767,3,0
2768,2,2
2769,1,1
2770,1,1
2771,1,1
2772,1,2
2773,1,0
2774,2,0
2775,2,0
2776,2,0
2777,2,0
2778,1,0
2779,2,0
2780,2,2
2781,2,0
2782,2,0
2783,1,0
2784,1,2
2785,1,0
2786,2,1
2787,1,0
2788,1,1
2789,1,0
2790,1,1
2791,2,0
2792,2,1
2793,2,0
2794,2,0
2795,2,1
2796,2,1
2797,1,1
2798,2,1
2799,1,0
2800,1,0
2801,1,2
2802,2,2
2803,2,2
2804,2,0
2805,2,1
2806,2,0
2807,2,1
2808,2,0
2809,2,0
2810,3,0
2811,2,0
2812,2,0
2813,2,0
2814,2,0
2815,2,1
2816,2,1
2817,2,1
2818,2,-1
2819,2,0
2820,2,-1
2821,2,0
2822,2,0
2823,2,1
2824,2,1
2825,2,1
2826,2,0
2827,2,0
2828,2,1
2829,2,0
2830,2,0
2831,2,0
2832,2,0
2833,2,1
2834,2,0
2835,2,0
2836,1,0
2837,2,1
2838,1,1
2839,1,2
2840,1,0
2841,1,1
2842,2,1
2843,2,1
2844,2,1
2845,2,1
2846,2,1
2847,1,0
2848,1,0
2849,2,1
2850,1,1
2851,1,1
2852,1,1
2853,2,0
2854,1,0
2855,2,1
2856,2,2
2857,2,1
2858,2,1
2859,2,2
2860,2,0
2861,2,0
2862,2,1
2863,2,0
2864,2,0
2865,2,0
2866,1,1
2867,1,1
2868,1,2
2869,2,1
2870,2,0
2871,2,1
2872,2,0
2873,2,2
2874,2,0
2875,2,0
2876,2,3
2877,2,1
2878,2,1
2879,2,2
2880,2,2
2881,2,2
2882,2,2
2883,2,0
2884,2,0
2885,2,1
2886,2,1
2887,2,1
2888,2,0
2889,2,1
2890,2,3
2891,2,1
2892,2,-1
2893,2,0
2894,2,0
2895,2,1
2896,2,1
2897,2,1
2898,2,1
2899,2,1
2900,2,1
2901,2,1
2902,2,0
2903,2,1
2904,2,2
2905,2,1
2906,2,0
2907,1,0
2908,1,2
2909,1,0
2910,1,0
2911,1,0
2912,1,0
2913,1,2
2914,1,0
2915,3,1
2916,2,0
2917,2,0
2918,2,1
2919,1,0
2920,1,0
2921,1,0
2922,2,0
2923,1,0
2924,2,0
2925,2,0
2926,2,0
2927,1,0
2928,1,0
2929,1,0
2930,2,0
2931,1,0
2932,1,2
2933,2,0
2934,2,0
2935,2,1
2936,2,1
2937,2,2
2938,2,1
2939,2,2
2940,2,3
2941,2,2
2942,2,0
2943,2,1
2944,2,0
2945,2,1
2946,2,1
2947,2,2
2948,3,2
2949,2,2
2950,2,0
2951,2,3
2952,2,0
2953,2,2
2954,2,2
2955,2,2
2956,2,-1
2957,2,1
2958,2,1
2959,2,1
2960,2,1
2961,2,0
2962,2,2
2963,2,0
2964,2,0
2965,2,0
2966,1,0
2967,2,0
2968,1,0
2969,1,0
2970,2,0
2971,2,1
2972,2,0
2973,2,0
2974,1,0
2975,2,1
2976,1,1
2977,1,2
2978,1,0
2979,2,0
2980,1,0
2981,2,1
2982,1,0
2983,2,0
2984,1,0
2985,2,1
2986,2,1
2987,2,1
2988,2,1
2989,2,0
2990,2,1
2991,1,1
2992,1,2
2993,1,0
2994,1,0
2995,2,0
2996,2,0
2997,2,0
2998,2,0
2999,1,1
3000,1,1
3001,1,1
3002,1,2
3003,1,0
3004,2,1
3005,1,1
3006,1,2
3007,1,1
3008,1,2
3009,1,1
3010,1,1
3011,1,-1
3012,1,0
3013,1,1
3014,1,1
3015,1,1
3016,1,1
3017,1,1
3018,1,2
3019,1,1
3020,1,0
3021,1,1
3022,1,2
3023,1,2
3024,1,3
3025,1,0
3026,1,2
3027,1,2
3028,1,2
3029,1,0
3030,1,1
3031,1,0
3032,1,-1
3033,0,0
3034,1,0
3035,1,2
3036,1,2
3037,0,2
3038,1,0
3039,0,1
3040,1,1
3041,1,2
3042,1,1
3043,1,0
3044,1,0
3045,1,0
3046,1,0
3047,1,1
3048,1,0
3049,1,0
3050,1,2
3051,0,0
3052,1,0
3053,1,0
3054,1,0
3055,1,0
3056,1,0
3057,1,0
3058,1,0
3059,1,0
3060,1,0
3061,1,0
3062,1,0
3063,1,0
3064,1,0
3065,1,0
3066,1,1
3067,1,1
3068,1,1
3069,1,0
3070,1,3
3071,1,0
3072,1,0
3073,1,0
3074,1,0
3075,1,1
3076,1,0
3077,1,1
3078,1,3
3079,1,1
3080,1,1
3081,1,3
3082,1,1
3083,1,2
3084,1,1
3085,1,1
3086,1,0
3087,1,0
3088,1,0
3089,1,0
3090,1,0
3091,1,0
3092,1,1
3093,0,1
3094,1,1
3095,0,0
3096,1,1
3097,1,0
3098,1,1
3099,1,0
3100,0,0
3101,1,3
3102,0,0
3103,1,0
3104,1,1
3105,1,0
3106,1,1
3107,1,2
3108,1,2
3109,1,2
3110,1,0
3111,1,2
3112,1,0
3113,0,0
3114,0,0
3115,1,1
3116,1,3
3117,1,1
3118,1,0
3119,1,0
3120,1,2
3121,1,1
3122,1,1
3123,1,1
3124,1,3
3125,1,2
3126,1,2
3127,1,3
3128,1,2
3129,1,1
3130,1,0
3131,1,0
3132,1,1
3133,1,0
3134,1,0
3135,1,0
3136,1,2
3137,1,0
3138,1,0
3139,1,1
3140,1,1
3141,1,3
3142,1,1
3143,1,1
3144,1,1
3145,1,2
3146,2,0
3147,1,0
3148,1,0
3149,1,2
3150,1,0
3151,0,0
3152,1,0
3153,0,0
3154,1,1
3155,0,0
3156,1,0
3157,0,1
3158,0,1
3159,0,1
3160,0,1
3161,1,2
3162,1,0
3163,1,1
3164,1,2
3165,1,1
3166,1,0
3167,1,0
3168,1,1
3169,1,0
3170,1,1
3171,1,1
3172,1,1
3173,1,0
3174,1,2
3175,1,3
3176,1,2
3177,1,0
3178,1,0
3179,1,1
3180,1,0
3181,1,0
3182,1,1
3183,1,2
3184,1,2
3185,1,2
3186,1,2
3187,1,1
3188,1,0
3189,1,1
3190,1,0
3191,1,1
3192,1,0
3193,0,0
3194,0,1
3195,1,-1
3196,1,0
3197,1,0
3198,0,0
3199,1,0
3200,0,0
3201,0,0
3202,1,0
3203,1,0
3204,1,2
3205,0,0
3206,1,2
3207,0,2
3208,1,2
3209,1,0
3210,1,1
3211,1,0
3212,1,1
3213,1,1
3214,1,2
3215,1,0
3216,1,0
3217,0,0
3218,1,0
3219,0,0
3220,0,0
3221,0,0
3222,1,0
3223,1,0
3224,1,0
3225,1,1
3226,1,0
3227,1,0
3228,1,1
3229,1,0
3230,1,1
3231,2,0
3232,0,0
3233,1,2
3234,1,0
3235,2,0
3236,1,2
3237,1,0
3238,1,2
3239,1,2
3240,1,2
3241,1,2
3242,1,2
3243,1,2
3244,1,2
3245,2,0
3246,2,2
3247,2,2
3248,1,2
3249,2,0
3250,1,1
3251,1,0
3252,1,0
3253,2,2
3254,0,2
3255,1,2
3256,0,2
3257,1,0
3258,1,1
3259,1,1
3260,1,1
3261,1,-1
3262,1,-1
3263,1,0
3264,1,-1
3265,0,0
3266,1,0
3267,1,2
3268,1,0
3269,1,-1
3270,1,-1
3271,1,0
3272,1,0
3273,1,1
3274,1,2
3275,1,2
3276,1,2
3277,1,0
3278,1,0
3279,1,2
3280,1,2
3281,1,2
3282,1,0
3283,1,0
3284,1,0
3285,1,1
3286,1,1
3287,1,1
3288,1,2
3289,2,0
3290,0,0
3291,1,0
3292,0,1
3293,1,2
3294,1,2
3295,2,2
3296,1,0
3297,1,2
3298,1,2
3299,1,2
3300,1,2
3301,1,1
3302,1,0
3303,1,1
3304,1,2
3305,2,1
3306,1,0
3307,1,2
3308,1,0
3309,1,1
3310,1,0
3311,1,0
3312,1,0
3313,1,0
3314,1,0
3315,1,0
3316,1,2
3317,1,-1
3318,1,1
3319,1,0
3320,1,0
3321,1,0
3322,1,0
3323,1,0
3324,1,1
3325,1,2
3326,1,1
3327,1,1
3328,1,2
3329,1,0
3330,1,0
3331,1,0
3332,1,1
3333,1,0
3334,1,0
3335,1,1
3336,0,1
3337,1,2
3338,1,0
3339,1,2
3340,1,0
3341,1,2
3342,1,0
3343,1,0
3344,1,1
3345,1,0
3346,1,0
3347,1,0
3348,1,0
3349,1,0
3350,1,1
3351,1,0
3352,1,2
3353,1,2
3354,1,2
3355,1,2
3356,1,0
3357,0,0
3358,1,2
3359,1,2
3360,1,2
3361,1,2
3362,1,0
3363,1,0
3364,1,0
3365,1,2
3366,1,2
3367,1,2
3368,1,0
3369,1,3
3370,1,2
3371,1,2
3372,0,2
3373,0,0
3374,1,2
3375,1,0
3376,1,0
3377,1,-1
3378,1,-1
3379,1,-1
3380,1,1
3381,1,0
3382,1,1
3383,1,0
3384,1,-1
3385,1,-1
3386,1,0
3387,1,0
3388,1,1
3389,1,2
3390,1,1
3391,1,1
3392,1,2
3393,1,1
3394,0,2
3395,1,2
3396,1,2
3397,1,0
3398,1,0
3399,1,1
3400,1,2
3401,0,1
3402,1,1
3403,1,0
3404,1,0
3405,1,0
3406,1,1
3407,1,0
3408,1,0
3409,1,2
3410,1,0
3411,2,0
3412,1,1
3413,1,2
3414,1,2
3415,1,2
3416,1,2
3417,1,2
3418,2,1
3419,1,0
3420,1,0
3421,0,0
3422,0,0
3423,0,2
3424,1,0
3425,1,2
3426,1,2
3427,0,2
3428,1,2
3429,2,0
3430,1,2
3431,1,2
3432,1,3
3433,1,0
3434,2,0
3435,1,0
3436,1,0
3437,1,0
3438,1,0
3439,1,2
3440,1,0
3441,1,0
3442,1,1
3443,1,1
3444,1,2
3445,1,0
3446,1,0
3447,1,0
3448,0,0
3449,1,0
3450,1,2
3451,1,0
3452,1,0
3453,1,-1
3454,1,1
3455,0,0
3456,1,1
3457,1,0
3458,1,2
3459,1,0
3460,1,0
3461,1,2
3462,1,2
3463,1,2
3464,1,2
3465,1,0
3466,1,0
3467,1,1
3468,1,1
3469,1,1
3470,1,1
3471,1,1
3472,1,0
3473,1,1
3474,1,0
3475,1,0
3476,1,1
3477,1,0
3478,2,2
3479,1,0
3480,1,2
3481,1,0
3482,1,0
3483,1,0
3484,2,2
3485,1,2
3486,1,2
3487,1,2
3488,1,2
3489,1,1
3490,1,2
3491,2,1
3492,1,2
3493,1,2
3494,1,2
3495,1,2
3496,1,2
3497,1,0
3498,0,0
3499,1,2
3500,1,0
3501,1,0
3502,2,0
3503,1,0
3504,1,2
3505,1,0
3506,1,1
3507,1,-1
3508,1,1
3509,1,0
3510,1,0
3511,1,1
3512,1,0
3513,1,0
3514,1,2
3515,1,1
3516,1,1
3517,2,1
3518,1,2
3519,1,1
3520,1,0
3521,1,0
3522,1,0
3523,1,0
3524,1,1
3525,1,0
3526,1,0
3527,1,0
3528,1,0
3529,1,0
3530,1,0
3531,1,1
3532,0,2
3533,0,1
3534,0,0
3535,1,1
3536,1,0
3537,1,0
3538,1,0
3539,1,1
3540,1,0
3541,1,0
3542,1,0
3543,1,0
3544,1,2
3545,1,0
3546,1,2
3547,1,2
3548,1,2
3549,1,0
3550,1,2
3551,1,2
3552,1,2
3553,2,2
3554,1,2
3555,1,0
3556,0,2
3557,1,2
3558,1,2
3559,1,2
3560,2,0
3561,1,0
3562,1,0
3563,1,1
3564,1,2
3565,0,1
3566,1,2
3567,1,2
3568,1,2
3569,1,1
3570,1,2
3571,1,0
3572,2,2
3573,1,0
3574,1,0
3575,1,2
3576,1,0
3577,1,1
3578,1,1
3579,1,2
3580,1,0
3581,1,1
3582,1,0
3583,0,0
3584,1,0
3585,1,0
3586,1,-1
3587,1,-1
3588,1,-1
3589,1,1
3590,1,-1
3591,1,0
3592,1,0
3593,1,1
3594,1,1
3595,1,1
3596,1,0
3597,1,0
3598,1,0
3599,1,0
3600,1,0
3601,1,0
3602,1,1
3603,1,-1
3604,1,1
3605,1,0
3606,1,0
3607,0,0
3608,0,1
3609,1,0
3610,1,0
3611,1,1
3612,1,2
3613,1,2
3614,1,2
3615,1,2
3616,1,1
3617,1,0
3618,2,1
3619,1,1
3620,1,1
3621,1,0
3622,1,0
3623,1,0
3624,1,0
3625,1,0
3626,1,1
3627,1,0
3628,1,0
3629,1,2
3630,1,0
3631,1,2
3632,1,2
3633,0,2
3634,2,2
3635,1,0
3636,1,-1
3637,1,2
3638,1,0
3639,1,1
3640,1,0
3641,1,0
3642,1,0
3643,1,0
3644,1,1
3645,1,-1
3646,1,2
3647,1,-1
3648,1,-1
3649,1,-1
3650,1,0
3651,1,0
3652,1,0
3653,1,2
3654,0,0
3655,1,0
3656,1,-1
3657,1,0
3658,1,0
3659,0,2
3660,1,0
3661,1,0
3662,1,0
3663,1,0
3664,1,2
3665,1,-1
3666,1,1
3667,1,1
3668,1,2
3669,1,-1
3670,1,0
3671,1,-1
3672,1,0
3673,1,0
3674,1,0
3675,1,2
3676,1,0
3677,1,2
3678,1,0
3679,1,0
3680,0,2
3681,0,0
3682,0,0
3683,0,1
3684,1,0
3685,1,0
3686,1,2
3687,1,1
3688,1,2
3689,1,2
3690,1,2
3691,1,2
3692,1,2
3693,1,2
3694,1,2
3695,1,0
3696,1,1
3697,1,2
3698,0,1
3699,0,0
3700,1,0
3701,1,0
3702,1,1
3703,1,0
3704,1,0
3705,1,0
3706,1,0
3707,1,1
3708,1,0
3709,1,-1
3710,1,-1
3711,1,1
3712,1,-1
3713,1,0
3714,1,0
3715,1,0
3716,1,1
3717,1,0
3718,0,0
3719,0,-1
3720,0,0
3721,1,0
3722,0,1
3723,1,1
3724,1,1
3725,1,-1
3726,1,-1
3727,1,-1
3728,1,-1
3729,1,-1
3730,1,0
3731,1,1
3732,1,1
3733,1,1
3734,1,1
3735,1,2
3736,1,0
3737,1,0
3738,1,1
3739,1,0
3740,1,1
3741,1,2
3742,1,2
3743,1,2
3744,1,2
3745,1,2
3746,1,2
3747,1,0
3748,1,0
3749,1,0
3750,1,2
3751,1,2
3752,0,2
3753,0,2
3754,1,2
3755,1,0
3756,1,0
3757,0,0
3758,1,2
3759,1,2
3760,1,2
3761,1,1
3762,1,0
3763,2,1
3764,0,2
3765,0,1
3766,1,2
3767,0,0
3768,1,-1
3769,1,1
3770,1,-1
3771,1,-1
3772,1,1
3773,1,1
3774,1,1
3775,1,-1
3776,1,-1
3777,1,1
3778,1,-1
3779,1,1
3780,1,-1
3781,1,-1
3782,1,1
3783,1,2
3784,1,1
3785,1,-1
3786,1,-1
3787,1,-1
3788,1,1
3789,1,-1
3790,1,-1
3791,1,2
3792,1,-1
3793,1,-1
3794,1,-1
3795,1,2
3796,1,-1
3797,1,0
3798,1,0
3799,1,1
3800,1,-1
3801,1,-1
3802,1,0
3803,1,1
3804,1,0
3805,1,0
3806,1,0
3807,0,0
3808,0,0
3809,1,0
3810,0,0
3811,1,2
3812,0,2
3813,0,2
3814,1,2
3815,1,2
3816,1,0
3817,1,0
3818,1,0
3819,1,2
3820,0,0
3821,0,0
3822,1,2
3823,1,0
3824,1,0
3825,1,1
3826,1,1
3827,1,2
3828,1,0
3829,1,0
3830,0,1
3831,1,1
3832,0,1
3833,1,-1
3834,0,0
3835,1,-1
3836,1,-1
3837,1,0
3838,1,-1
3839,1,-1
3840,1,2
3841,1,-1
3842,1,-1
3843,0,-1
3844,1,2
3845,0,-1
3846,1,-1
3847,0,-1
3848,0,1
3849,2,-4
3850,3,-6
3851,6,-5
3852,9,-5
3853,9,-5
3854,12,-5
3855,13,-5
3856,15,-5
3857,19,-5
3858,21,-5
3859,22,-6
3860,26,-4
3861,29,-6
3862,30,-6
3863,33,-6
3864,34,-6
3865,38,-6
3866,38,-6
3867,43,-6
3868,46,-6
3869,48,-6
3870,49,-6
3871,53,-6
3872,56,-6
3873,58,-6
3874,61,-6
3875,63,-6
3876,67,-4
3877,69,-6
3878,72,-4
3879,73,-6
3880,76,-6
3881,78,-6
3882,81,-6
3883,84,-6
3884,88,-6
3885,91,-7
3886,94,-7
3887,96,-6
3888,99,-7
3889,103,-7
3890,108,-7
3891,110,-7
3892,113,-7
3893,118,-7
3894,120,-7
3895,122,-7
3896,124,-7
3897,128,-7
3898,131,-7
3899,133,-7
3900,135,-7
3901,138,-7
3902,143,-7
3903,146,-7
3904,147,-7
3905,150,-8
3906,153,-7
3907,157,-8
3908,158,-8
3909,163,-8
3910,164,-8
3911,166,-8
3912,169,-8
3913,172,-8
3914,174,-8
3915,176,-8
3916,178,-8
3917,182,-8
3918,184,-7
3919,185,-6
3920,187,-7
3921,190,-8
3922,192,-7
3923,192,-8
3924,195,-8
3925,195,-8
3926,198,-8
3927,198,-8
3928,200,-8
3929,201,-8
3930,203,-8
3931,203,-8
3932,207,-8
3933,208,-8
3934,210,-8
3935,210,-8
3936,212,-8
3937,212,-8
3938,214,-8
3939,215,-8
3940,216,-8
3941,216,-8
3942,218,-8
3943,220,-8
3944,220,-8
3945,221,-8
3946,221,-8
3947,221,-8
3948,222,-8
3949,223,-9
3950,224,-9
3951,224,-9
3952,224,-9
3953,225,-9
3954,225,-9
3955,225,-9
3956,226,-9
3957,228,-9
3958,228,-9
3959,228,-9
3960,228,-9
3961,228,-9
3962,229,-9
3963,229,-9
3964,229,-9
3965,229,-9
3966,229,-9
3967,230,-9
3968,230,-9
3969,230,-10
3970,230,-9
3971,231,-9
3972,231,-9
3973,231,-9
3974,231,-9
3975,231,-10
3976,231,-10
3977,230,-10
3978,230,-10
3979,228,-10
3980,228,-8
3981,228,-6
3982,228,-5
3983,228,-3
3984,228,-1
3985,228,2
3986,228,4
3987,228,5
3988,228,7
3989,228,11
3990,227,12
3991,228,13
3992,227,16
3993,226,19
3994,227,20
3995,226,25
3996,226,26
3997,226,29
3998,226,29
3999,225,34
4000,223,36
4001,225,38
4002,223,40
4003,223,43
4004,223,46
4005,223,48
4006,221,52
4007,221,54
4008,221,57
4009,221,60
4010,220,62
4011,220,66
4012,220,69
4013,218,72
4014,217,74
4015,217,77
4016,217,80
4017,215,84
4018,215,87
4019,215,89
4020,212,93
4021,211,96
4022,211,98
4023,209,102
4024,209,104
4025,208,109
4026,209,113
4027,206,115
4028,203,118
4029,202,120
4030,203,127
4031,201,128
4032,200,131
4033,196,133
4034,196,136
4035,194,140
4036,192,142
4037,192,146
4038,191,148
4039,189,150
4040,188,154
4041,184,156
4042,183,158
4043,182,161
4044,181,164
4045,178,166
4046,177,169
4047,175,170
4048,171,172
4049,170,176
4050,169,177
4051,168,180
4052,165,181
4053,162,184
4054,161,184
4055,159,187
4056,158,187
4057,155,189
4058,154,189
4059,153,193
4060,151,193
4061,146,195
4062,144,196
4063,142,198
4064,140,198
4065,138,199
4066,134,200
4067,132,201
4068,129,202
4069,127,203
4070,124,204
4071,121,206
4072,119,206
4073,116,208
4074,114,208
4075,111,208
4076,108,209
4077,104,210
4078,101,211
4079,97,211
4080,94,212
4081,90,213
4082,88,213
4083,85,213
4084,81,215
4085,78,216
4086,74,216
4087,72,216
4088,68,216
4089,66,216
4090,61,217
4091,58,217
4092,57,217
4093,54,217
4094,51,217
4095,46,218
4096,43,219
4097,41,220
4098,40,220
4099,38,220
4100,35,220
4101,32,219
4102,28,220
4103,26,219
4104,23,219
4105,21,219
4106,18,219
4107,15,220
4108,12,220
4109,10,221
4110,8,220
4111,5,220
4112,3,220
4113,1,220
4114,0,220
4115,-2,220
4116,-5,220
4117,-6,220
4118,-7,220
4119,-10,220
4120,-8,222
4121,-8,222
4122,-8,223
4123,-8,222
4124,-8,222
4125,-7,222
4126,-8,222
4127,-7,221
4128,-8,219
4129,-8,221
4130,-8,219
4131,-8,219
4132,-8,219
4133,-8,218
4134,-8,218
4135,-8,218
4136,-8,217
4137,-8,217
4138,-7,215
4139,-7,216
4140,-7,214
4141,-7,214
4142,-8,214
4143,-8,213
4144,-8,212
4145,-7,210
4146,-8,211
4147,-8,209
4148,-8,207
4149,-7,208
4150,-8,206
4151,-7,206
4152,-8,205
4153,-7,205
4154,-8,204
4155,-8,202
4156,-7,200
4157,-7,200
4158,-7,200
4159,-8,198
4160,-8,198
4161,-7,195
4162,-7,193
4163,-6,191
4164,-7,190
4165,-7,191
4166,-7,188
4167,-7,187
4168,-7,186
4169,-7,182
4170,-7,181
4171,-7,181
4172,-7,178
4173,-7,176
4174,-6,175
4175,-7,174
4176,-7,170
4177,-7,169
4178,-7,167
4179,-7,165
4180,-7,163
4181,-7,160
4182,-7,157
4183,-6,157
4184,-6,154
4185,-6,152
4186,-6,150
4187,-6,149
4188,-6,145
4189,-6,142
4190,-6,141
4191,-6,139
4192,-6,137
4193,-6,132
4194,-6,130
4195,-6,128
4196,-6,126
4197,-6,125
4198,-6,124
4199,-6,118
4200,-6,117
4201,-6,113
4202,-6,112
4203,-6,108
4204,-6,105
4205,-6,100
4206,-5,97
4207,-5,93
4208,-5,90
4209,-6,86
4210,-6,83
4211,-6,81
4212,-6,77
4213,-6,75
4214,-5,70
4215,-5,69
4216,-5,65
4217,-5,61
4218,-5,56
4219,-5,53
4220,-5,52
4221,-5,50
4222,-4,46
4223,-5,41
4224,-5,39
4225,-5,37
4226,-5,34
4227,-4,32
4228,-5,29
4229,-5,23
4230,-4,20
4231,-4,19
4232,-4,16
4233,-5,13
4234,-4,11
4235,-5,9
4236,-4,6
4237,-5,6
4238,-4,0
4239,-5,-2
4240,-4,-2
4241,-4,-4
4242,0,-1
4243,0,0
4244,1,-1
4245,1,0
4246,1,-1
4247,0,-1
4248,1,2
4249,1,0
4250,1,1
4251,1,1
4252,1,1
4253,2,1
4254,1,0
4255,1,0
4256,1,0
4257,1,2
4258,1,1
4259,1,2
4260,1,1
4261,1,-1
4262,1,0
4263,1,-1
4264,1,1
4265,1,-1
4266,1,0
4267,1,2
4268,1,2
4269,1,2
4270,1,0
4271,1,0
4272,1,0
4273,1,0
4274,1,1
4275,0,1
4276,0,1
4277,1,2
4278,1,0
4279,1,-1
4280,1,-1
4281,0,0
4282,0,-1
4283,0,0
4284,0,0
4285,0,0
4286,1,2
4287,0,0
4288,1,2
4289,1,0
4290,1,0
4291,1,0
4292,1,1
4293,0,0
4294,0,0
4295,1,-1
4296,1,0
4297,1,1
4298,0,2
4299,1,1
4300,1,-1
4301,1,0
4302,1,0
4303,1,2
4304,1,0
4305,1,1
4306,0,0
4307,0,0
4308,0,0
4309,1,0
4310,1,2
4311,1,0
4312,1,2
4313,1,1
4314,1,1
4315,1,2
4316,1,2
4317,1,2
4318,1,2
4319,1,0
4320,1,2
4321,1,2
4322,1,2
4323,1,0
4324,1,0
4325,1,0
4326,2,0
4327,1,1
4328,1,1
4329,1,2
4330,1,1
4331,1,0
4332,1,2
4333,1,1
4334,1,2
4335,1,1
4336,1,1
4337,1,1
4338,1,1
4339,2,1
4340,1,-1
4341,1,0
4342,0,0
4343,1,2
4344,0,-1
4345,1,0
4346,1,0
4347,1,0
4348,1,0
4349,0,0
4350,0,0
4351,1,0
4352,1,-1
4353,1,0
4354,1,0
4355,1,0
4356,0,0
4357,1,-1
4358,1,0
4359,1,0
4360,0,0
4361,1,0
4362,1,1
4363,1,0
4364,1,1
4365,1,0
4366,1,0
4367,0,0
4368,0,0
4369,1,0
4370,0,0
4371,0,0
4372,1,0
4373,1,1
4374,1,0
4375,1,1
4376,1,2
4377,1,1
4378,1,1
4379,1,1
4380,1,1
4381,1,1
4382,1,0
4383,1,0
4384,1,0
4385,1,0
4386,1,-1
4387,2,3
4388,2,0
4389,3,1
4390,2,1
4391,2,1
4392,2,1
4393,2,1
4394,2,1
4395,2,1
4396,2,2
4397,2,1
4398,2,2
4399,2,1
4400,2,0
4401,2,1
4402,2,0
4403,2,2
4404,2,0
4405,2,0
4406,2,0
4407,1,0
4408,1,2
4409,2,0
4410,2,1
4411,2,0
4412,2,1
4413,2,2
4414,2,1
4415,2,-1
4416,2,0
4417,2,0
4418,2,2
4419,2,1
4420,2,1
4421,2,1
4422,1,1
4423,2,0
4424,2,0
4425,2,0
4426,2,0
4427,1,0
4428,1,0
4429,1,0
4430,2,1
4431,2,-1
4432,2,0
4433,2,0
4434,2,1
4435,2,0
4436,2,0
4437,2,1
4438,2,0
4439,2,1
4440,1,-1
4441,2,-1
4442,2,0
4443,2,-1
4444,2,0
4445,2,-1
4446,2,0
4447,2,1
4448,2,0
4449,2,0
4450,2,0
4451,2,0
4452,2,2
4453,2,0
4454,2,0
4455,2,0
4456,2,0
4457,2,0
4458,2,1
4459,3,1
4460,2,2
4461,2,1
4462,2,1
4463,2,2
4464,2,0
4465,2,0
4466,2,1
4467,2,0
4468,2,2
4469,2,2
4470,2,2
4471,2,1
4472,2,0
4473,2,0
4474,2,2
4475,2,0
4476,2,-1
4477,2,0
4478,2,0
4479,2,0
4480,2,1
4481,2,0
4482,2,0
4483,2,0
4484,2,0
4485,1,0
4486,2,0
4487,1,0
4488,2,1
4489,1,0
4490,2,0
4491,2,0
4492,2,0
4493,2,0
4494,2,1
4495,2,0
4496,2,-1
4497,2,-1
4498,2,-1
4499,2,0
4500,2,1
4501,2,0
4502,1,0
4503,2,0
4504,1,0
4505,1,0
4506,1,1
4507,2,0
4508,2,0
4509,2,0
4510,2,0
4511,2,1
4512,2,0
4513,2,2
4514,2,0
4515,2,0
4516,2,0
4517,2,1
4518,2,1
4519,2,1
4520,2,1
4521,2,0
4522,2,0
4523,2,2
4524,2,2
4525,2,2
4526,2,1
4527,2,0
4528,2,1
4529,2,0
4530,2,1
4531,2,2
4532,2,1
4533,2,2
4534,2,2
4535,2,2
4536,2,0
4537,2,0
4538,1,1
4539,2,0
4540,2,-1
4541,2,0
4542,2,1
4543,2,0
4544,1,1
4545,1,2
4546,2,1
4547,1,0
4548,1,1
4549,1,0
4550,2,0
4551,1,1
4552,2,2
4553,2,1
4554,2,0
4555,2,0
4556,2,0
4557,2,0
4558,2,2
4559,2,0
4560,2,0
4561,1,0
4562,1,1
4563,1,0
4564,2,2
4565,1,0
4566,2,1
4567,1,0
4568,2,0
4569,2,0
4570,2,0
4571,1,1
4572,1,0
4573,2,2
4574,2,0
4575,2,0
4576,2,2
4577,2,0
4578,2,0
4579,2,2
4580,2,0
4581,2,1
4582,2,2
4583,2,2
4584,2,2
4585,2,0
4586,2,0
4587,2,0
4588,2,1
4589,2,1
4590,2,1
4591,2,0
4592,2,1
4593,2,1
4594,2,1
4595,2,0
4596,2,0
4597,2,0
4598,2,0
4599,2,0
4600,2,-1
4601,2,0
4602,2,-1
4603,2,0
4604,1,0
4605,1,2
4606,2,0
4607,2,0
4608,2,2
4609,2,0
4610,2,0
4611,2,0
4612,2,0
4613,1,1
4614,1,1
4615,1,2
4616,1,0
4617,2,0
4618,2,0
4619,2,0
4620,2,0
4621,2,0
4622,2,1
4623,2,1
4624,2,1
4625,2,2
4626,2,-1
4627,2,0
4628,2,1
4629,2,2
4630,2,1
4631,2,0
4632,2,0
4633,2,2
4634,2,2
4635,2,2
4636,2,0
4637,2,0
4638,2,2
4639,2,0
4640,2,2
4641,2,0
4642,2,0
4643,1,2
4644,1,2
4645,1,2
4646,1,0
4647,1,0
4648,1,0
4649,1,1
4650,1,-1
4651,1,-1
4652,1,1
4653,0,1
4654,0,1
4655,0,2
4656,1,0
4657,1,0
4658,1,0
4659,1,0
4660,1,0
4661,0,0
4662,1,1
4663,1,1
4664,1,1
4665,0,2
4666,0,0
4667,0,-1
4668,0,0
4669,0,0
4670,0,0
4671,1,0
4672,1,2
4673,1,0
4674,0,0
4675,0,1
4676,0,1
4677,1,1
4678,1,1
4679,1,2
4680,1,0
4681,1,-1
4682,1,0
4683,1,2
4684,1,2
4685,1,2
4686,1,0
4687,1,1
4688,1,0
4689,1,0
4690,1,0
4691,1,0
4692,1,1
4693,1,1
4694,1,2
4695,1,1
4696,1,0
4697,1,1
4698,1,1
4699,1,2
4700,1,1
4701,1,1
4702,1,2
4703,1,1
4704,1,1
4705,1,1
4706,1,0
4707,1,0
4708,1,1
4709,1,2
4710,1,2
4711,1,2
4712,1,0
4713,1,0
4714,1,1
4715,2,-1
4716,1,1
4717,1,0
4718,0,2
4719,0,0
4720,0,0
4721,1,0
4722,1,2
4723,1,1
4724,1,1
4725,1,1
4726,1,1
4727,1,0
4728,1,1
4729,1,0
4730,0,1
4731,1,1
4732,1,1
4733,1,0
4734,1,0
4735,1,0
4736,1,0
4737,1,1
4738,1,-1
4739,1,-1
4740,1,2
4741,1,-1
4742,1,-1
4743,1,0
4744,1,1
4745,1,1
4746,1,2
4747,1,-1
4748,1,0
4749,1,0
4750,1,2
4751,0,0
4752,0,-1
4753,0,0
4754,1,0
4755,1,1
4756,1,2
4757,1,2
4758,1,2
4759,1,1
4760,1,1
4761,1,2
4762,1,0
4763,1,2
4764,1,1
4765,1,1
4766,2,2
4767,1,0
4768,1,0
4769,1,0
4770,1,0
4771,1,0
4772,1,0
4773,1,0
4774,1,0
4775,1,2
4776,1,1
4777,1,2
4778,1,1
4779,1,0
4780,1,0
4781,1,0
4782,1,0
4783,1,1
4784,1,0
4785,1,0
4786,1,1
4787,1,0
4788,1,2
4789,0,0
4790,1,0
4791,0,1
4792,1,1
4793,1,1
4794,1,0
4795,1,0
4796,0,0
4797,0,0
4798,0,0
4799,0,0
4800,1,0
4801,1,0
4802,1,1
4803,1,0
4804,1,1
4805,1,0
4806,1,0
4807,1,1
4808,0,0
4809,0,0
4810,0,1
4811,0,0
4812,1,-1
4813,0,0
4814,0,0
4815,0,0
4816,0,0
4817,1,1
4818,1,1
4819,1,1
4820,1,2
4821,1,1
4822,1,2
4823,1,1
4824,1,1
4825,1,0
4826,1,0
4827,1,0
4828,1,0
4829,1,2
4830,1,0
4831,1,0
4832,1,1
4833,1,0
4834,1,1
4835,1,0
4836,1,-1
4837,1,2
4838,1,1
4839,1,1
4840,1,1
4841,1,0
4842,1,0
4843,1,0
4844,1,2
4845,1,2
4846,1,2
4847,1,0
4848,1,2
4849,1,0
4850,0,2
4851,1,0
4852,0,0
4853,1,1
4854,0,0
4855,0,2
4856,1,1
4857,1,1
4858,1,1
4859,1,0
4860,1,0
4861,1,2
4862,1,2
4863,1,2
4864,2,-1
4865,1,0
4866,0,2
4867,1,0
4868,0,1
4869,0,2
4870,1,1
4871,0,0
4872,0,0
4873,1,0
4874,1,2
4875,1,0
4876,0,0
4877,0,0
4878,0,0
4879,0,0
4880,0,0
4881,0,0
4882,1,0
4883,1,0
4884,1,0
4885,1,0
4886,1,0
4887,1,0
4888,1,0
4889,1,0
4890,1,2
4891,1,0
4892,1,2
4893,1,2
4894,1,3
4895,1,2
4896,1,0
4897,1,0
4898,1,1
4899,1,2
4900,1,1
4901,1,0
4902,1,2
4903,1,1
4904,2,2
4905,1,2
4906,1,2
4907,1,0
4908,1,2
4909,1,0
4910,1,2
4911,1,0
4912,1,1
4913,1,2
4914,0,1
4915,0,0
4916,1,0
4917,1,-1
4918,1,1
4919,0,-1
4920,0,0
4921,1,0
4922,1,0
4923,1,0
4924,1,0
4925,1,-1
4926,1,-1
4927,1,3
4928,0,-1
4929,1,1
4930,1,1
4931,1,1
4932,1,1
4933,0,0
4934,0,1
4935,1,0
4936,0,1
4937,0,0
4938,0,0
4939,1,0
4940,1,0
4941,1,1
4942,1,0
4943,0,-1
4944,1,1
4945,1,1
4946,1,1
4947,1,0
4948,1,0
4949,1,0
4950,1,0
4951,1,0
4952,1,1
4953,1,0
4954,1,0
4955,1,0
4956,1,1
4957,1,1
4958,1,1
4959,1,1
4960,1,0
4961,2,0
4962,1,0
4963,1,0
4964,1,1
4965,1,0
4966,1,0
4967,1,0
4968,1,1
4969,1,2
4970,1,2
4971,1,2
4972,1,1
4973,1,0
4974,1,0
4975,1,0
4976,1,1
4977,1,0
4978,1,2
4979,1,0
4980,1,0
4981,0,1
4982,1,1
4983,0,2
4984,1,0
4985,1,0
4986,1,2
4987,1,0
4988,1,1
4989,1,0
4990,1,0
4991,1,1
4992,1,0
4993,1,0
4994,0,1
4995,1,0
4996,0,0
4997,0,0
4998,1,0
4999,1,1
5000,1,0
5001,0,1
5002,0,0
5003,0,0
5004,1,-1
5005,0,0
5006,1,0
5007,1,1
5008,1,0
5009,1,0
5010,1,1
5011,1,0
5012,1,0
5013,1,1
5014,1,0
5015,1,0
5016,1,0
5017,1,2
5018,1,0
5019,1,2
5020,1,0
5021,1,0
5022,1,0
5023,1,-1
5024,1,1
5025,1,1
5026,1,2
5027,1,1
5028,1,0
5029,1,0
5030,1,0
5031,1,0
5032,1,2
5033,1,1
5034,1,1
5035,1,1
5036,1,2
5037,1,0
5038,1,-1
5039,1,-1
5040,1,-1
5041,1,0
5042,1,1
5043,1,0
5044,1,0
5045,0,0
5046,0,1
5047,1,2
5048,1,1
5049,1,0
5050,1,0
5051,1,0
5052,1,0
5053,1,-1
5054,0,1
5055,1,0
5056,1,0
5057,1,2
5058,1,0
5059,0,0
5060,1,-1
5061,0,1
5062,1,-1
5063,1,0
5064,1,0
5065,1,0
5066,1,0
5067,1,0
5068,1,0
5069,1,1
5070,1,0
5071,1,1
5072,1,0
5073,1,1
5074,1,0
5075,0,0
5076,0,2
5077,1,0
5078,0,0
5079,0,0
5080,0,0
5081,0,2
5082,1,2
5083,1,2
5084,1,2
5085,1,0
5086,1,0
5087,1,1
5088,1,0
5089,1,0
5090,1,0
5091,1,0
5092,1,1
5093,1,1
5094,1,2
5095,1,1
5096,1,1
5097,1,2
5098,1,1
5099,1,1
5100,1,2
5101,1,1
5102,1,1
5103,1,0
5104,1,0
5105,1,3
5106,1,1
5107,1,1
5108,1,2
5109,1,0
5110,2,2
5111,1,0
5112,1,2
5113,1,2
5114,1,2
5115,0,0
5116,1,0
5117,0,0
5118,1,1
5119,0,2
5120,1,2
#X 2015-09-21 11:38:34
